gps:
   patio: 37.452134, -122.165807
   lot1: 37.452101, -122.165654
   lot2: 37.451753, -122.165825
   lot3: 37.451798, -122.166078
   sidewalk: 37.451985, -122.166026
   tree: 37.451977, -122.165928
   lot4: 37.452502, -122.166005 # front
   lot5: 37.451861, -122.166484 # back
